==================================================
         REPORTE DE EJECUCIÓN MULTIOBJETIVO       
==================================================
URL Instancia Evaluada: https://gist.githubusercontent.com/athersoft/61aa11e8d3cef6584417439e5fcc4808/raw/bc28fbcea9b088c0abec974fa5537a6e02d9da98/infraestructuraProhibitiva
Tamaño de Instancia: 40 CDs

CARACTERIZACIÓN DE LA INSTANCIA
--- Análisis de la Instancia ---
Costos Fijos (F):
  - Promedio: 197435.40
  - Desv. Estándar: 59141.25
  - Coef. Variación (CV): 29.95%
Capacidades (Cap):
  - Promedio: 1244.88
  - Desv. Estándar: 115.64
  - Coef. Variación (CV): 9.29%
Demandas (d):
  - Promedio: 30.09
  - Desv. Estándar: 5.86
  - Coef. Variación (CV): 19.48%
Costos de Transporte (TC):
  - Promedio: 5.87
  - Desv. Estándar: 3.80
  - Coef. Variación (CV): 64.69%

Análisis de Tensión:
  - Demanda Total de la Red: 2407.00
  - Capacidad Total de CDs : 49795.00
  - Ratio (Cap/Dem)        : 20.69x (Holgada)
--------------------------------

RESULTADOS EPSILON-CONSTRAINT
Tiempo de ejecución : 859.8994 segundos
Hipervolumen        : 144617964253262.2500
Puntos Lexicográficos (Extremos del Frente):
  - Nadir: Transp=1095836900.00, Infra=3351378.15
  - Transp. Mín   : Transp=986347000.00, Infra=3351378.15
  - Infra. Mín    : Transp=1095836900.00, Infra=1958449.93

Puntos del Frente (14 steps):
  Punto 1: Transp=1095836900.00, Infra=1958449.93
  Punto 2: Transp=1024924500.00, Infra=1959387.49
  Punto 3: Transp=1015820900.00, Infra=1997210.44
  Punto 4: Transp=1010649400.00, Infra=2077566.87
  Punto 5: Transp=1005212300.00, Infra=2102435.79
  Punto 6: Transp=998507500.00, Infra=2181623.36
  Punto 7: Transp=991912600.00, Infra=2247150.52
  Punto 8: Transp=987516700.00, Infra=2333652.83
  Punto 9: Transp=987463900.00, Infra=2577399.38
  Punto 10: Transp=986892800.00, Infra=2732298.94
  Punto 11: Transp=986454600.00, Infra=2877848.91
  Punto 12: Transp=986444000.00, Infra=3196608.35
  Punto 13: Transp=986347000.00, Infra=3351378.15
  Punto 14: Transp=986347000.00, Infra=3351378.15

RESULTADOS HEURÍSTICA (TPLS)
** El TPLS se detuvo prematuramente en la iteración 69 de 200 debido a falta de mejora. **
Tiempo de ejecución : 3618.3280 segundos
Hipervolumen        : 144164891387616.6250

Frente de Pareto Final - 47 puntos:
  Punto 1: Transp=991912600.00, Infra=2247150.52 | State: (0, 0, 1, 0, 0, 0, 0, 0, 0, 0, 0, 0, 0, 0, 0, 0, 0, 0, 0, 0, 0, 0, 0, 0, 0, 1, 0, 0, 0, 0, 0, 0, 0, 0, 0, 0, 0, 0, 0, 0)
  Punto 2: Transp=987516700.00, Infra=2333652.83 | State: (0, 0, 0, 0, 0, 1, 0, 0, 0, 0, 0, 0, 0, 0, 0, 0, 0, 0, 0, 0, 0, 0, 0, 0, 0, 0, 0, 0, 0, 0, 0, 0, 1, 0, 0, 0, 0, 0, 0, 0)
  Punto 3: Transp=987596700.00, Infra=2333462.17 | State: (0, 0, 0, 0, 0, 1, 0, 0, 0, 0, 0, 0, 0, 0, 0, 0, 0, 0, 0, 0, 0, 0, 0, 0, 0, 0, 0, 0, 0, 0, 0, 0, 1, 0, 0, 0, 0, 0, 0, 0)
  Punto 4: Transp=1024923900.00, Infra=1959447.44 | State: (1, 1, 0, 0, 0, 0, 0, 0, 0, 0, 0, 0, 0, 0, 0, 0, 0, 0, 0, 0, 0, 0, 0, 0, 0, 0, 0, 0, 0, 0, 0, 0, 0, 0, 0, 0, 0, 0, 0, 0)
  Punto 5: Transp=1024899300.00, Infra=1960066.26 | State: (1, 1, 0, 0, 0, 0, 0, 0, 0, 0, 0, 0, 0, 0, 0, 0, 0, 0, 0, 0, 0, 0, 0, 0, 0, 0, 0, 0, 0, 0, 0, 0, 0, 0, 0, 0, 0, 0, 0, 0)
  Punto 6: Transp=1024924500.00, Infra=1959387.49 | State: (1, 1, 0, 0, 0, 0, 0, 0, 0, 0, 0, 0, 0, 0, 0, 0, 0, 0, 0, 0, 0, 0, 0, 0, 0, 0, 0, 0, 0, 0, 0, 0, 0, 0, 0, 0, 0, 0, 0, 0)
  Punto 7: Transp=1009571300.00, Infra=2087763.73 | State: (0, 0, 1, 0, 0, 0, 1, 0, 0, 0, 0, 0, 0, 0, 0, 0, 0, 0, 0, 0, 0, 0, 0, 0, 0, 0, 0, 0, 0, 0, 0, 0, 0, 0, 0, 0, 0, 0, 0, 0)
  Punto 8: Transp=1009407700.00, Infra=2088743.76 | State: (0, 0, 1, 0, 0, 0, 1, 0, 0, 0, 0, 0, 0, 0, 0, 0, 0, 0, 0, 0, 0, 0, 0, 0, 0, 0, 0, 0, 0, 0, 0, 0, 0, 0, 0, 0, 0, 0, 0, 0)
  Punto 9: Transp=999119700.00, Infra=2227558.95 | State: (1, 0, 0, 0, 0, 0, 0, 0, 0, 0, 0, 0, 0, 0, 0, 0, 0, 0, 0, 0, 0, 0, 0, 0, 0, 0, 0, 0, 0, 0, 0, 0, 1, 0, 0, 0, 0, 0, 0, 0)
  Punto 10: Transp=1009454100.00, Infra=2088260.97 | State: (0, 0, 1, 0, 0, 0, 1, 0, 0, 0, 0, 0, 0, 0, 0, 0, 0, 0, 0, 0, 0, 0, 0, 0, 0, 0, 0, 0, 0, 0, 0, 0, 0, 0, 0, 0, 0, 0, 0, 0)
  Punto 11: Transp=1009449700.00, Infra=2088275.76 | State: (0, 0, 1, 0, 0, 0, 1, 0, 0, 0, 0, 0, 0, 0, 0, 0, 0, 0, 0, 0, 0, 0, 0, 0, 0, 0, 0, 0, 0, 0, 0, 0, 0, 0, 0, 0, 0, 0, 0, 0)
  Punto 12: Transp=1009440900.00, Infra=2088465.24 | State: (0, 0, 1, 0, 0, 0, 1, 0, 0, 0, 0, 0, 0, 0, 0, 0, 0, 0, 0, 0, 0, 0, 0, 0, 0, 0, 0, 0, 0, 0, 0, 0, 0, 0, 0, 0, 0, 0, 0, 0)
  Punto 13: Transp=1009504900.00, Infra=2088111.99 | State: (0, 0, 1, 0, 0, 0, 1, 0, 0, 0, 0, 0, 0, 0, 0, 0, 0, 0, 0, 0, 0, 0, 0, 0, 0, 0, 0, 0, 0, 0, 0, 0, 0, 0, 0, 0, 0, 0, 0, 0)
  Punto 14: Transp=1009516100.00, Infra=2087933.41 | State: (0, 0, 1, 0, 0, 0, 1, 0, 0, 0, 0, 0, 0, 0, 0, 0, 0, 0, 0, 0, 0, 0, 0, 0, 0, 0, 0, 0, 0, 0, 0, 0, 0, 0, 0, 0, 0, 0, 0, 0)
  Punto 15: Transp=1009500500.00, Infra=2088123.52 | State: (0, 0, 1, 0, 0, 0, 1, 0, 0, 0, 0, 0, 0, 0, 0, 0, 0, 0, 0, 0, 0, 0, 0, 0, 0, 0, 0, 0, 0, 0, 0, 0, 0, 0, 0, 0, 0, 0, 0, 0)
  Punto 16: Transp=1009414100.00, Infra=2088496.41 | State: (0, 0, 1, 0, 0, 0, 1, 0, 0, 0, 0, 0, 0, 0, 0, 0, 0, 0, 0, 0, 0, 0, 0, 0, 0, 0, 0, 0, 0, 0, 0, 0, 0, 0, 0, 0, 0, 0, 0, 0)
  Punto 17: Transp=1009509300.00, Infra=2088016.78 | State: (0, 0, 1, 0, 0, 0, 1, 0, 0, 0, 0, 0, 0, 0, 0, 0, 0, 0, 0, 0, 0, 0, 0, 0, 0, 0, 0, 0, 0, 0, 0, 0, 0, 0, 0, 0, 0, 0, 0, 0)
  Punto 18: Transp=1015754100.00, Infra=1997654.76 | State: (0, 1, 1, 0, 0, 0, 0, 0, 0, 0, 0, 0, 0, 0, 0, 0, 0, 0, 0, 0, 0, 0, 0, 0, 0, 0, 0, 0, 0, 0, 0, 0, 0, 0, 0, 0, 0, 0, 0, 0)
  Punto 19: Transp=1009367700.00, Infra=2088892.06 | State: (0, 0, 1, 0, 0, 0, 1, 0, 0, 0, 0, 0, 0, 0, 0, 0, 0, 0, 0, 0, 0, 0, 0, 0, 0, 0, 0, 0, 0, 0, 0, 0, 0, 0, 0, 0, 0, 0, 0, 0)
  Punto 20: Transp=1009409700.00, Infra=2088514.11 | State: (0, 0, 1, 0, 0, 0, 1, 0, 0, 0, 0, 0, 0, 0, 0, 0, 0, 0, 0, 0, 0, 0, 0, 0, 0, 0, 0, 0, 0, 0, 0, 0, 0, 0, 0, 0, 0, 0, 0, 0)
  Punto 21: Transp=1009372100.00, Infra=2088869.57 | State: (0, 0, 1, 0, 0, 0, 1, 0, 0, 0, 0, 0, 0, 0, 0, 0, 0, 0, 0, 0, 0, 0, 0, 0, 0, 0, 0, 0, 0, 0, 0, 0, 0, 0, 0, 0, 0, 0, 0, 0)
  Punto 22: Transp=1009476100.00, Infra=2088180.55 | State: (0, 0, 1, 0, 0, 0, 1, 0, 0, 0, 0, 0, 0, 0, 0, 0, 0, 0, 0, 0, 0, 0, 0, 0, 0, 0, 0, 0, 0, 0, 0, 0, 0, 0, 0, 0, 0, 0, 0, 0)
  Punto 23: Transp=1005310300.00, Infra=2090392.59 | State: (0, 1, 0, 0, 0, 0, 0, 0, 0, 0, 0, 0, 0, 0, 0, 0, 0, 0, 0, 0, 0, 0, 0, 0, 0, 0, 0, 1, 0, 0, 0, 0, 0, 0, 0, 0, 0, 0, 0, 0)
  Punto 24: Transp=1005237700.00, Infra=2090523.98 | State: (0, 1, 0, 0, 0, 0, 0, 0, 0, 0, 0, 0, 0, 0, 0, 0, 0, 0, 0, 0, 0, 0, 0, 0, 0, 0, 0, 1, 0, 0, 0, 0, 0, 0, 0, 0, 0, 0, 0, 0)
  Punto 25: Transp=995101100.00, Infra=2238781.94 | State: (0, 0, 0, 0, 0, 1, 0, 0, 0, 0, 0, 0, 0, 0, 0, 0, 0, 0, 0, 0, 0, 0, 0, 0, 0, 0, 0, 1, 0, 0, 0, 0, 0, 0, 0, 0, 0, 0, 0, 0)
  Punto 26: Transp=1004492100.00, Infra=2140570.51 | State: (1, 0, 0, 0, 0, 0, 0, 0, 0, 0, 0, 0, 0, 0, 0, 0, 0, 0, 0, 0, 0, 0, 0, 0, 0, 0, 0, 1, 0, 0, 0, 0, 0, 0, 0, 0, 0, 0, 0, 0)
  Punto 27: Transp=994861100.00, Infra=2239259.04 | State: (0, 0, 0, 0, 0, 1, 0, 0, 0, 0, 0, 0, 0, 0, 0, 0, 0, 0, 0, 0, 0, 0, 0, 0, 0, 0, 0, 1, 0, 0, 0, 0, 0, 0, 0, 0, 0, 0, 0, 0)
  Punto 28: Transp=994784300.00, Infra=2239705.66 | State: (0, 0, 0, 0, 0, 1, 0, 0, 0, 0, 0, 0, 0, 0, 0, 0, 0, 0, 0, 0, 0, 0, 0, 0, 0, 0, 0, 1, 0, 0, 0, 0, 0, 0, 0, 0, 0, 0, 0, 0)
  Punto 29: Transp=1011863700.00, Infra=2087518.61 | State: (1, 0, 0, 0, 0, 0, 0, 0, 0, 0, 0, 0, 0, 0, 0, 0, 0, 0, 0, 0, 0, 0, 0, 0, 0, 0, 0, 0, 0, 0, 0, 0, 0, 0, 0, 0, 0, 0, 1, 0)
  Punto 30: Transp=999983100.00, Infra=2227094.70 | State: (1, 0, 0, 0, 0, 0, 0, 0, 0, 0, 0, 0, 0, 0, 0, 0, 0, 0, 0, 0, 0, 0, 0, 0, 0, 0, 0, 0, 0, 0, 0, 0, 1, 0, 0, 0, 0, 0, 0, 0)
  Punto 31: Transp=999158100.00, Infra=2227438.52 | State: (1, 0, 0, 0, 0, 0, 0, 0, 0, 0, 0, 0, 0, 0, 0, 0, 0, 0, 0, 0, 0, 0, 0, 0, 0, 0, 0, 0, 0, 0, 0, 0, 1, 0, 0, 0, 0, 0, 0, 0)
  Punto 32: Transp=998869100.00, Infra=2228758.50 | State: (1, 0, 0, 0, 0, 0, 0, 0, 0, 0, 0, 0, 0, 0, 0, 0, 0, 0, 0, 0, 0, 0, 0, 0, 0, 0, 0, 0, 0, 0, 0, 0, 1, 0, 0, 0, 0, 0, 0, 0)
  Punto 33: Transp=1024900500.00, Infra=1959761.95 | State: (1, 1, 0, 0, 0, 0, 0, 0, 0, 0, 0, 0, 0, 0, 0, 0, 0, 0, 0, 0, 0, 0, 0, 0, 0, 0, 0, 0, 0, 0, 0, 0, 0, 0, 0, 0, 0, 0, 0, 0)
  Punto 34: Transp=1001493100.00, Infra=2162926.79 | State: (0, 1, 0, 0, 0, 0, 0, 0, 0, 0, 0, 0, 0, 0, 0, 0, 0, 0, 0, 0, 0, 0, 0, 0, 0, 0, 0, 0, 0, 0, 0, 0, 1, 0, 0, 0, 0, 0, 0, 0)
  Punto 35: Transp=1005276100.00, Infra=2090431.43 | State: (0, 1, 0, 0, 0, 0, 0, 0, 0, 0, 0, 0, 0, 0, 0, 0, 0, 0, 0, 0, 0, 0, 0, 0, 0, 0, 0, 1, 0, 0, 0, 0, 0, 0, 0, 0, 0, 0, 0, 0)
  Punto 36: Transp=1001654700.00, Infra=2162419.33 | State: (0, 1, 0, 0, 0, 0, 0, 0, 0, 0, 0, 0, 0, 0, 0, 0, 0, 0, 0, 0, 0, 0, 0, 0, 0, 0, 0, 0, 0, 0, 0, 0, 1, 0, 0, 0, 0, 0, 0, 0)
  Punto 37: Transp=1005442300.00, Infra=2090151.57 | State: (0, 1, 0, 0, 0, 0, 0, 0, 0, 0, 0, 0, 0, 0, 0, 0, 0, 0, 0, 0, 0, 0, 0, 0, 0, 0, 0, 1, 0, 0, 0, 0, 0, 0, 0, 0, 0, 0, 0, 0)
  Punto 38: Transp=1015763500.00, Infra=1997385.64 | State: (0, 1, 1, 0, 0, 0, 0, 0, 0, 0, 0, 0, 0, 0, 0, 0, 0, 0, 0, 0, 0, 0, 0, 0, 0, 0, 0, 0, 0, 0, 0, 0, 0, 0, 0, 0, 0, 0, 0, 0)
  Punto 39: Transp=1015631900.00, Infra=2000504.07 | State: (0, 1, 1, 0, 0, 0, 0, 0, 0, 0, 0, 0, 0, 0, 0, 0, 0, 0, 0, 0, 0, 0, 0, 0, 0, 0, 0, 0, 0, 0, 0, 0, 0, 0, 0, 0, 0, 0, 0, 0)
  Punto 40: Transp=1005212300.00, Infra=2090602.42 | State: (0, 1, 0, 0, 0, 0, 0, 0, 0, 0, 0, 0, 0, 0, 0, 0, 0, 0, 0, 0, 0, 0, 0, 0, 0, 0, 0, 1, 0, 0, 0, 0, 0, 0, 0, 0, 0, 0, 0, 0)
  Punto 41: Transp=1015772900.00, Infra=1997308.45 | State: (0, 1, 1, 0, 0, 0, 0, 0, 0, 0, 0, 0, 0, 0, 0, 0, 0, 0, 0, 0, 0, 0, 0, 0, 0, 0, 0, 0, 0, 0, 0, 0, 0, 0, 0, 0, 0, 0, 0, 0)
  Punto 42: Transp=1013097100.00, Infra=2026357.02 | State: (0, 1, 0, 0, 0, 0, 0, 0, 0, 0, 0, 0, 0, 0, 0, 0, 0, 0, 0, 0, 0, 0, 0, 0, 0, 0, 0, 0, 0, 0, 0, 0, 0, 0, 0, 0, 0, 0, 1, 0)
  Punto 43: Transp=1001114600.00, Infra=2213675.96 | State: (1, 0, 0, 0, 0, 0, 0, 0, 0, 0, 0, 0, 0, 0, 0, 0, 0, 0, 0, 0, 0, 0, 0, 0, 0, 1, 0, 0, 0, 0, 0, 0, 0, 0, 0, 0, 0, 0, 0, 0)
  Punto 44: Transp=1004568900.00, Infra=2140308.27 | State: (1, 0, 0, 0, 0, 0, 0, 0, 0, 0, 0, 0, 0, 0, 0, 0, 0, 0, 0, 0, 0, 0, 0, 0, 0, 0, 0, 1, 0, 0, 0, 0, 0, 0, 0, 0, 0, 0, 0, 0)
  Punto 45: Transp=1001037800.00, Infra=2213971.12 | State: (1, 0, 0, 0, 0, 0, 0, 0, 0, 0, 0, 0, 0, 0, 0, 0, 0, 0, 0, 0, 0, 0, 0, 0, 0, 1, 0, 0, 0, 0, 0, 0, 0, 0, 0, 0, 0, 0, 0, 0)
  Punto 46: Transp=992179900.00, Infra=2246825.05 | State: (0, 0, 1, 0, 0, 0, 0, 0, 0, 0, 0, 0, 0, 0, 0, 0, 0, 0, 0, 0, 0, 0, 0, 0, 0, 1, 0, 0, 0, 0, 0, 0, 0, 0, 0, 0, 0, 0, 0, 0)
  Punto 47: Transp=986908000.00, Infra=3391514.20 | State: (0, 0, 1, 0, 0, 1, 0, 0, 0, 0, 0, 0, 0, 0, 0, 0, 0, 0, 0, 0, 0, 0, 0, 0, 0, 1, 0, 0, 0, 0, 0, 0, 1, 0, 0, 0, 0, 0, 0, 0)

COMPARATIVA ESTADÍSTICA
Calidad del TPLS vs Exacto : 99.69% (Cobertura del Hipervolumen)
Aceleración de Tiempo      : El TPLS fue 0.24x más rápido que Epsilon