==================================================
         REPORTE DE EJECUCIÓN MULTIOBJETIVO       
==================================================
URL Instancia Evaluada: https://gist.githubusercontent.com/athersoft/3853f927779746cb3b8fb8650b8ff4d3/raw/c49a3b1d259d99d38b8c14daa33c6672d403924b/120x60-gemini.dat
Tamaño de Instancia: 60 CDs

CARACTERIZACIÓN DE LA INSTANCIA
--- Análisis de la Instancia ---
Costos Fijos (F):
  - Promedio: 53113.85
  - Desv. Estándar: 23722.43
  - Coef. Variación (CV): 44.66%
Capacidades (Cap):
  - Promedio: 29804.55
  - Desv. Estándar: 8367.17
  - Coef. Variación (CV): 28.07%
Demandas (d):
  - Promedio: 285.28
  - Desv. Estándar: 119.99
  - Coef. Variación (CV): 42.06%
Costos de Transporte (TC):
  - Promedio: 127.54
  - Desv. Estándar: 70.65
  - Coef. Variación (CV): 55.39%

Análisis de Tensión:
  - Demanda Total de la Red: 34234.00
  - Capacidad Total de CDs : 1788273.00
  - Ratio (Cap/Dem)        : 52.24x (Holgada)
--------------------------------

RESULTADOS EPSILON-CONSTRAINT
Tiempo de ejecución : 838.3362 segundos
Hipervolumen        : 29802421579780716.0000
Puntos Lexicográficos (Extremos del Frente):
  - Nadir: Transp=27893967000.00, Infra=3444414.33
  - Transp. Mín   : Transp=13225582000.00, Infra=3444414.33
  - Infra. Mín    : Transp=27893967000.00, Infra=757192.28

Puntos del Frente (20 steps):
  Punto 1: Transp=27893967000.00, Infra=757192.28
  Punto 2: Transp=27893967000.00, Infra=757192.28
  Punto 3: Transp=20912796000.00, Infra=913075.27
  Punto 4: Transp=20912796000.00, Infra=913075.27
  Punto 5: Transp=20912796000.00, Infra=913075.27
  Punto 6: Transp=20912796000.00, Infra=913075.27
  Punto 7: Transp=20842154000.00, Infra=1055772.51
  Punto 8: Transp=19837966000.00, Infra=1354081.29
  Punto 9: Transp=19740433000.00, Infra=1375360.02
  Punto 10: Transp=18390770000.00, Infra=1652881.92
  Punto 11: Transp=18114732000.00, Infra=1690505.63
  Punto 12: Transp=16484611000.00, Infra=1867852.03
  Punto 13: Transp=15462436000.00, Infra=1951513.19
  Punto 14: Transp=14855199000.00, Infra=1990425.50
  Punto 15: Transp=13845457000.00, Infra=2226420.12
  Punto 16: Transp=13300593000.00, Infra=2495916.64
  Punto 17: Transp=13254474000.00, Infra=2847253.88
  Punto 18: Transp=13234843000.00, Infra=3145834.11
  Punto 19: Transp=13225582000.00, Infra=3444414.33
  Punto 20: Transp=13225582000.00, Infra=3444414.33

RESULTADOS HEURÍSTICA (TPLS)
** El TPLS se detuvo prematuramente en la iteración 21 de 200 debido a falta de mejora. **
Tiempo de ejecución : 235.1231 segundos
Hipervolumen        : 29654657785092220.0000

Frente de Pareto Final - 20 puntos:
  Punto 1: Transp=13886463000.00, Infra=2191566.25 | State: (0, 0, 0, 0, 0, 0, 0, 0, 0, 0, 0, 0, 0, 0, 0, 0, 0, 0, 0, 0, 0, 1, 0, 0, 0, 0, 1, 0, 0, 0, 0, 0, 0, 0, 0, 0, 0, 0, 0, 0, 0, 0, 0, 0, 0, 0, 0, 0, 0, 0, 0, 0, 0, 0, 0, 0, 0, 0, 0, 0)
  Punto 2: Transp=14216781000.00, Infra=2017359.61 | State: (0, 0, 0, 0, 0, 0, 0, 0, 0, 0, 0, 0, 0, 0, 0, 0, 0, 0, 0, 0, 0, 0, 0, 0, 0, 0, 1, 0, 0, 1, 0, 0, 0, 0, 0, 0, 0, 0, 0, 0, 0, 0, 0, 0, 0, 0, 0, 0, 0, 0, 0, 0, 0, 0, 0, 0, 0, 0, 0, 0)
  Punto 3: Transp=13300593000.00, Infra=2495717.82 | State: (0, 0, 0, 0, 0, 0, 0, 0, 0, 0, 0, 0, 0, 0, 0, 0, 0, 0, 0, 0, 0, 0, 0, 0, 0, 0, 1, 0, 0, 0, 0, 1, 0, 0, 0, 0, 0, 0, 0, 0, 0, 0, 0, 0, 0, 0, 0, 0, 0, 0, 0, 0, 0, 0, 0, 0, 0, 0, 0, 0)
  Punto 4: Transp=13267615000.00, Infra=2753060.51 | State: (0, 0, 0, 0, 0, 0, 0, 0, 0, 0, 0, 0, 0, 0, 0, 0, 0, 0, 0, 0, 0, 0, 0, 0, 0, 0, 1, 0, 0, 0, 0, 1, 0, 0, 0, 0, 0, 0, 0, 1, 0, 0, 0, 0, 0, 0, 0, 0, 0, 0, 0, 0, 0, 0, 0, 0, 0, 0, 0, 0)
  Punto 5: Transp=13869217000.00, Infra=2228141.85 | State: (0, 0, 0, 0, 0, 0, 0, 0, 0, 0, 0, 0, 0, 0, 0, 0, 0, 0, 0, 0, 0, 0, 0, 0, 0, 0, 1, 0, 0, 0, 0, 0, 0, 0, 0, 0, 0, 0, 0, 1, 0, 0, 0, 0, 0, 0, 0, 0, 0, 0, 0, 0, 0, 0, 0, 0, 0, 0, 0, 0)
  Punto 6: Transp=13759135000.00, Infra=2394072.02 | State: (0, 0, 0, 0, 0, 0, 0, 0, 0, 0, 0, 0, 0, 0, 0, 0, 0, 0, 0, 0, 0, 0, 0, 0, 0, 0, 1, 0, 0, 1, 0, 0, 0, 0, 0, 0, 0, 0, 0, 1, 0, 0, 0, 0, 0, 0, 0, 0, 0, 0, 0, 0, 0, 0, 0, 0, 0, 0, 0, 0)
  Punto 7: Transp=20896054000.00, Infra=1262525.61 | State: (0, 0, 0, 0, 0, 0, 0, 0, 0, 0, 0, 0, 0, 0, 0, 0, 0, 0, 0, 0, 0, 0, 0, 0, 0, 0, 0, 0, 0, 1, 0, 0, 0, 0, 0, 0, 1, 0, 0, 0, 0, 0, 0, 0, 0, 0, 0, 0, 0, 0, 0, 0, 0, 0, 0, 0, 0, 0, 0, 0)
  Punto 8: Transp=19473350000.00, Infra=1507683.36 | State: (0, 0, 0, 0, 0, 0, 0, 0, 0, 0, 0, 0, 0, 0, 0, 0, 0, 0, 0, 0, 0, 0, 0, 0, 0, 0, 0, 0, 0, 0, 0, 0, 0, 0, 0, 0, 0, 0, 0, 1, 1, 0, 0, 0, 0, 0, 0, 0, 0, 0, 0, 0, 0, 0, 0, 0, 0, 0, 0, 0)
  Punto 9: Transp=15976516000.00, Infra=1944343.65 | State: (0, 0, 0, 0, 0, 0, 0, 0, 0, 0, 0, 0, 0, 0, 0, 0, 0, 0, 0, 0, 0, 0, 0, 0, 0, 0, 1, 0, 0, 0, 0, 0, 0, 0, 0, 0, 0, 0, 0, 0, 1, 0, 0, 0, 0, 0, 0, 0, 0, 0, 0, 0, 0, 0, 0, 0, 0, 0, 0, 0)
  Punto 10: Transp=13801484000.00, Infra=2355403.32 | State: (0, 0, 0, 0, 0, 0, 0, 0, 0, 0, 0, 0, 0, 0, 0, 0, 0, 0, 0, 0, 0, 1, 0, 0, 0, 0, 1, 0, 0, 1, 0, 0, 0, 0, 0, 0, 0, 0, 0, 0, 0, 0, 0, 0, 0, 0, 0, 0, 0, 0, 0, 0, 0, 0, 0, 0, 0, 0, 0, 0)
  Punto 11: Transp=18607551000.00, Infra=1596554.95 | State: (0, 0, 0, 0, 0, 0, 0, 0, 0, 0, 0, 0, 0, 0, 0, 0, 0, 0, 0, 0, 0, 1, 0, 0, 0, 0, 0, 0, 0, 1, 0, 0, 0, 0, 0, 0, 0, 0, 0, 0, 0, 0, 0, 0, 0, 0, 0, 0, 0, 0, 0, 0, 0, 0, 0, 0, 0, 0, 0, 0)
  Punto 12: Transp=13268883000.00, Infra=2746138.21 | State: (0, 0, 0, 0, 0, 0, 0, 0, 0, 0, 0, 0, 0, 0, 0, 0, 0, 0, 0, 0, 0, 0, 0, 0, 0, 0, 1, 0, 0, 0, 0, 1, 0, 0, 0, 0, 0, 0, 0, 1, 0, 0, 0, 0, 0, 0, 0, 0, 0, 0, 0, 0, 0, 0, 0, 0, 0, 0, 0, 0)
  Punto 13: Transp=18438910000.00, Infra=1850724.45 | State: (0, 0, 0, 0, 0, 0, 0, 0, 0, 0, 0, 0, 0, 0, 0, 0, 0, 0, 0, 0, 0, 0, 0, 0, 0, 0, 0, 0, 0, 0, 0, 0, 0, 0, 0, 0, 0, 0, 0, 1, 0, 0, 0, 0, 0, 0, 0, 0, 0, 0, 0, 0, 0, 1, 0, 0, 0, 0, 0, 0)
  Punto 14: Transp=20912796000.00, Infra=913075.27 | State: (0, 0, 0, 0, 0, 0, 0, 0, 0, 0, 0, 0, 0, 0, 0, 0, 0, 0, 0, 0, 0, 0, 0, 0, 0, 0, 0, 0, 0, 1, 0, 0, 0, 0, 0, 0, 0, 0, 0, 0, 0, 0, 0, 0, 0, 0, 0, 0, 0, 0, 0, 0, 0, 0, 0, 0, 0, 0, 0, 0)
  Punto 15: Transp=18460576000.00, Infra=1605427.50 | State: (0, 0, 0, 0, 0, 0, 0, 0, 0, 0, 0, 0, 0, 0, 0, 0, 0, 0, 0, 0, 0, 0, 0, 0, 0, 0, 0, 0, 0, 1, 0, 0, 0, 0, 0, 0, 0, 0, 0, 1, 0, 0, 0, 0, 0, 0, 0, 0, 0, 0, 0, 0, 0, 0, 0, 0, 0, 0, 0, 0)
  Punto 16: Transp=17850370000.00, Infra=1854286.34 | State: (0, 0, 0, 0, 0, 0, 0, 0, 0, 0, 0, 0, 0, 0, 0, 0, 0, 0, 0, 0, 0, 1, 0, 0, 0, 0, 0, 0, 0, 0, 0, 0, 0, 0, 0, 0, 0, 0, 0, 1, 0, 0, 0, 0, 0, 0, 0, 0, 0, 0, 0, 0, 0, 0, 0, 0, 0, 0, 0, 0)
  Punto 17: Transp=27893967000.00, Infra=757192.28 | State: (0, 0, 0, 0, 0, 0, 0, 0, 0, 0, 0, 0, 0, 0, 0, 0, 0, 0, 0, 0, 0, 0, 0, 0, 0, 0, 0, 0, 0, 0, 0, 0, 0, 0, 0, 0, 0, 0, 0, 0, 1, 0, 0, 0, 0, 0, 0, 0, 0, 0, 0, 0, 0, 0, 0, 0, 0, 0, 0, 0)
  Punto 18: Transp=20909394000.00, Infra=1018791.79 | State: (0, 0, 0, 0, 0, 0, 0, 0, 0, 0, 0, 0, 0, 0, 0, 0, 0, 0, 0, 0, 0, 0, 0, 0, 0, 0, 0, 0, 0, 1, 0, 0, 0, 0, 0, 0, 0, 0, 0, 0, 1, 0, 0, 0, 0, 0, 0, 0, 0, 0, 0, 0, 0, 0, 0, 0, 0, 0, 0, 0)
  Punto 19: Transp=13240948000.00, Infra=2905406.12 | State: (0, 0, 0, 0, 0, 0, 0, 0, 0, 0, 0, 0, 0, 0, 0, 0, 0, 0, 0, 0, 0, 1, 0, 0, 0, 0, 1, 0, 0, 0, 0, 1, 0, 0, 0, 0, 0, 0, 0, 1, 0, 0, 0, 0, 0, 0, 0, 0, 0, 0, 0, 0, 0, 0, 0, 0, 0, 0, 0, 0)
  Punto 20: Transp=13232754000.00, Infra=3196377.14 | State: (0, 0, 0, 0, 0, 0, 0, 0, 0, 0, 0, 0, 0, 0, 0, 0, 0, 0, 0, 0, 0, 1, 0, 0, 0, 0, 1, 0, 0, 0, 0, 1, 0, 0, 0, 0, 0, 0, 0, 1, 0, 0, 0, 0, 0, 0, 1, 0, 0, 0, 0, 0, 0, 0, 0, 0, 0, 0, 0, 0)

COMPARATIVA ESTADÍSTICA
Calidad del TPLS vs Exacto : 99.50% (Cobertura del Hipervolumen)
Aceleración de Tiempo      : El TPLS fue 3.57x más rápido que Epsilon