==================================================
         REPORTE DE EJECUCIÓN MULTIOBJETIVO       
==================================================
URL Instancia Evaluada: https://gist.githubusercontent.com/athersoft/3853f927779746cb3b8fb8650b8ff4d3/raw/c49a3b1d259d99d38b8c14daa33c6672d403924b/120x60-gemini.dat
Tamaño de Instancia: 60 CDs

CARACTERIZACIÓN DE LA INSTANCIA
--- Análisis de la Instancia ---
Costos Fijos (F):
  - Promedio: 53113.85
  - Desv. Estándar: 23722.43
  - Coef. Variación (CV): 44.66%
Capacidades (Cap):
  - Promedio: 29804.55
  - Desv. Estándar: 8367.17
  - Coef. Variación (CV): 28.07%
Demandas (d):
  - Promedio: 285.28
  - Desv. Estándar: 119.99
  - Coef. Variación (CV): 42.06%
Costos de Transporte (TC):
  - Promedio: 127.54
  - Desv. Estándar: 70.65
  - Coef. Variación (CV): 55.39%

Análisis de Tensión:
  - Demanda Total de la Red: 34234.00
  - Capacidad Total de CDs : 1788273.00
  - Ratio (Cap/Dem)        : 52.24x (Holgada)
--------------------------------

RESULTADOS EPSILON-CONSTRAINT
Tiempo de ejecución : 838.3362 segundos
Hipervolumen        : 29802421579780716.0000
Puntos Lexicográficos (Extremos del Frente):
  - Nadir: Transp=27893967000.00, Infra=3444414.33
  - Transp. Mín   : Transp=13225582000.00, Infra=3444414.33
  - Infra. Mín    : Transp=27893967000.00, Infra=757192.28

Puntos del Frente (20 steps):
  Punto 1: Transp=27893967000.00, Infra=757192.28
  Punto 2: Transp=27893967000.00, Infra=757192.28
  Punto 3: Transp=20912796000.00, Infra=913075.27
  Punto 4: Transp=20912796000.00, Infra=913075.27
  Punto 5: Transp=20912796000.00, Infra=913075.27
  Punto 6: Transp=20912796000.00, Infra=913075.27
  Punto 7: Transp=20842154000.00, Infra=1055772.51
  Punto 8: Transp=19837966000.00, Infra=1354081.29
  Punto 9: Transp=19740433000.00, Infra=1375360.02
  Punto 10: Transp=18390770000.00, Infra=1652881.92
  Punto 11: Transp=18114732000.00, Infra=1690505.63
  Punto 12: Transp=16484611000.00, Infra=1867852.03
  Punto 13: Transp=15462436000.00, Infra=1951513.19
  Punto 14: Transp=14855199000.00, Infra=1990425.50
  Punto 15: Transp=13845457000.00, Infra=2226420.12
  Punto 16: Transp=13300593000.00, Infra=2495916.64
  Punto 17: Transp=13254474000.00, Infra=2847253.88
  Punto 18: Transp=13234843000.00, Infra=3145834.11
  Punto 19: Transp=13225582000.00, Infra=3444414.33
  Punto 20: Transp=13225582000.00, Infra=3444414.33

RESULTADOS HEURÍSTICA (TPLS)
** El TPLS se detuvo prematuramente en la iteración 11 de 50 debido a falta de mejora. **
Tiempo de ejecución : 866.2192 segundos
Hipervolumen        : 0.7415

Frente de Pareto Final - 16 puntos:
  Punto 1: Transp=27893967000.00, Infra=757192.28 | State: (0, 0, 0, 0, 0, 0, 0, 0, 0, 0, 0, 0, 0, 0, 0, 0, 0, 0, 0, 0, 0, 0, 0, 0, 0, 0, 0, 0, 0, 0, 0, 0, 0, 0, 0, 0, 0, 0, 0, 0, 1, 0, 0, 0, 0, 0, 0, 0, 0, 0, 0, 0, 0, 0, 0, 0, 0, 0, 0, 0)
  Punto 2: Transp=18285119000.00, Infra=1691790.84 | State: (0, 0, 0, 0, 0, 0, 0, 0, 0, 0, 0, 0, 0, 0, 0, 0, 0, 0, 0, 0, 0, 1, 0, 0, 0, 0, 0, 0, 0, 0, 0, 0, 0, 0, 0, 0, 0, 0, 0, 1, 0, 0, 0, 0, 0, 0, 0, 0, 0, 0, 0, 0, 0, 0, 0, 0, 0, 0, 0, 0)
  Punto 3: Transp=18237624000.00, Infra=1704582.62 | State: (0, 0, 0, 0, 0, 0, 0, 0, 0, 0, 0, 0, 0, 0, 0, 0, 0, 0, 0, 0, 0, 1, 0, 0, 0, 0, 0, 0, 0, 0, 0, 0, 0, 0, 0, 0, 0, 0, 0, 1, 0, 0, 0, 0, 0, 0, 0, 0, 0, 0, 0, 0, 0, 0, 0, 0, 0, 0, 0, 0)
  Punto 4: Transp=20912796000.00, Infra=913075.27 | State: (0, 0, 0, 0, 0, 0, 0, 0, 0, 0, 0, 0, 0, 0, 0, 0, 0, 0, 0, 0, 0, 0, 0, 0, 0, 0, 0, 0, 0, 1, 0, 0, 0, 0, 0, 0, 0, 0, 0, 0, 0, 0, 0, 0, 0, 0, 0, 0, 0, 0, 0, 0, 0, 0, 0, 0, 0, 0, 0, 0)
  Punto 5: Transp=20855556000.00, Infra=1038257.07 | State: (0, 0, 0, 0, 0, 0, 0, 0, 0, 0, 0, 0, 0, 0, 0, 0, 0, 0, 0, 0, 0, 1, 0, 0, 0, 0, 0, 0, 0, 1, 0, 0, 0, 0, 0, 0, 0, 0, 0, 0, 0, 0, 0, 0, 0, 0, 0, 0, 0, 0, 0, 0, 0, 0, 0, 0, 0, 0, 0, 0)
  Punto 6: Transp=13320534000.03, Infra=2490134.40 | State: (0, 0, 0, 0, 0, 0, 0, 0, 0, 0, 0, 0, 0, 0, 0, 0, 0, 0, 0, 0, 0, 0, 0, 0, 0, 0, 1, 0, 0, 0, 0, 1, 0, 0, 0, 0, 0, 0, 0, 0, 0, 0, 0, 0, 0, 0, 0, 0, 0, 0, 0, 0, 0, 0, 0, 0, 0, 0, 0, 0)
  Punto 7: Transp=17854974000.00, Infra=1932676.27 | State: (0, 0, 0, 0, 0, 0, 0, 0, 0, 0, 0, 0, 0, 0, 0, 0, 0, 0, 0, 0, 0, 0, 0, 0, 0, 0, 0, 0, 0, 0, 0, 1, 0, 0, 0, 0, 0, 0, 0, 1, 0, 0, 0, 0, 0, 0, 0, 0, 0, 0, 0, 0, 0, 0, 0, 0, 0, 0, 0, 0)
  Punto 8: Transp=19473350000.00, Infra=1507683.36 | State: (0, 0, 0, 0, 0, 0, 0, 0, 0, 0, 0, 0, 0, 0, 0, 0, 0, 0, 0, 0, 0, 0, 0, 0, 0, 0, 0, 0, 0, 0, 0, 0, 0, 0, 0, 0, 0, 0, 0, 1, 1, 0, 0, 0, 0, 0, 0, 0, 0, 0, 0, 0, 0, 0, 0, 0, 0, 0, 0, 0)
  Punto 9: Transp=17876030000.00, Infra=1929644.75 | State: (0, 0, 0, 0, 0, 0, 0, 0, 0, 0, 0, 0, 0, 0, 0, 0, 0, 0, 0, 0, 0, 0, 0, 0, 0, 0, 0, 0, 0, 0, 0, 1, 0, 0, 0, 0, 0, 0, 0, 1, 0, 0, 0, 0, 0, 0, 0, 0, 0, 0, 0, 0, 0, 0, 0, 0, 0, 0, 0, 0)
  Punto 10: Transp=13886463000.00, Infra=2191566.25 | State: (0, 0, 0, 0, 0, 0, 0, 0, 0, 0, 0, 0, 0, 0, 0, 0, 0, 0, 0, 0, 0, 1, 0, 0, 0, 0, 1, 0, 0, 0, 0, 0, 0, 0, 0, 0, 0, 0, 0, 0, 0, 0, 0, 0, 0, 0, 0, 0, 0, 0, 0, 0, 0, 0, 0, 0, 0, 0, 0, 0)
  Punto 11: Transp=15961685000.00, Infra=1944666.00 | State: (0, 0, 0, 0, 0, 0, 0, 0, 0, 0, 0, 0, 0, 0, 0, 0, 0, 0, 0, 0, 0, 0, 0, 0, 0, 0, 1, 0, 0, 0, 0, 0, 0, 0, 0, 0, 0, 0, 0, 0, 1, 0, 0, 0, 0, 0, 0, 0, 0, 0, 0, 0, 0, 0, 0, 0, 0, 0, 0, 0)
  Punto 12: Transp=13320534000.00, Infra=2490134.40 | State: (0, 0, 0, 0, 0, 0, 0, 0, 0, 0, 0, 0, 0, 0, 0, 0, 0, 0, 0, 0, 0, 0, 0, 0, 0, 0, 1, 0, 0, 0, 0, 1, 0, 0, 0, 0, 0, 0, 0, 0, 0, 0, 0, 0, 0, 0, 0, 0, 0, 0, 0, 0, 0, 0, 0, 0, 0, 0, 0, 0)
  Punto 13: Transp=18280989000.00, Infra=1692647.90 | State: (0, 0, 0, 0, 0, 0, 0, 0, 0, 0, 0, 0, 0, 0, 0, 0, 0, 0, 0, 0, 0, 1, 0, 0, 0, 0, 0, 0, 0, 0, 0, 0, 0, 0, 0, 0, 0, 0, 0, 1, 0, 0, 0, 0, 0, 0, 0, 0, 0, 0, 0, 0, 0, 0, 0, 0, 0, 0, 0, 0)
  Punto 14: Transp=13845457000.00, Infra=2226420.12 | State: (0, 0, 0, 0, 0, 0, 0, 0, 0, 0, 0, 0, 0, 0, 0, 0, 0, 0, 0, 0, 0, 0, 0, 0, 0, 0, 1, 0, 0, 0, 0, 0, 0, 0, 0, 0, 0, 0, 0, 1, 0, 0, 0, 0, 0, 0, 0, 0, 0, 0, 0, 0, 0, 0, 0, 0, 0, 0, 0, 0)
  Punto 15: Transp=19482647000.00, Infra=1507682.90 | State: (0, 0, 0, 0, 0, 0, 0, 0, 0, 0, 0, 0, 0, 0, 0, 0, 0, 0, 0, 0, 0, 0, 0, 0, 0, 0, 0, 0, 0, 0, 0, 0, 0, 0, 0, 0, 0, 0, 0, 1, 1, 0, 0, 0, 0, 0, 0, 0, 0, 0, 0, 0, 0, 0, 0, 0, 0, 0, 0, 0)
  Punto 16: Transp=13314885000.00, Infra=2491178.11 | State: (0, 0, 0, 0, 0, 0, 0, 0, 0, 0, 0, 0, 0, 0, 0, 0, 0, 0, 0, 0, 0, 0, 0, 0, 0, 0, 1, 0, 0, 0, 0, 1, 0, 0, 0, 0, 0, 0, 0, 0, 0, 0, 0, 0, 0, 0, 0, 0, 0, 0, 0, 0, 0, 0, 0, 0, 0, 0, 0, 0)

COMPARATIVA ESTADÍSTICA
Calidad del TPLS vs Exacto : 0.00% (Cobertura del Hipervolumen)
Aceleración de Tiempo      : El TPLS fue 0.97x más rápido que Epsilon